0.1499983460370644 -0.3144519279523235
5.4559617417636019 -0.9014253011003369
4.1127390700150004 -0.9014253011003366
3.0186177890422377 -0.2395918812977172
5.3705016863904840 0.6950027864803209
0.5057250201265210 0.3712716942111098
3.8892006413861226 -0.5155379339253712
2.3850665904061108 -0.5227006841194617
5.7908577797103282 0.3652315121138091
0.9179525162391499 0.7035208403794174
3.2433749971092980 -0.2340294756127441
2.1732421655189706 -0.9106143501103872
0.8951719985497234 -0.9106143501103870
6.1651412375575250 -0.2707433416481392
2.3215508177277222 0.6758879154250208
3.6722232401942416 0.4365777032779914
0.5940503407524953 -0.4742143849298605
5.5003464978777910 -0.6306655243085200
2.9188338383760235 0.3041249241391817
4.0433958184025327 0.8602104554548522
5.6487203899135512 0.8602104554548522
0.2361708770169872 0.4602756757444786
3.4792200217601561 -0.5192251885104182
2.5273902515956626 -0.7918998352886006
0.5567647460149537 -0.7918998352886005
5.9540146098341555 -0.5562564360445164
3.0271381916313764 0.4320173127698022
3.6967216973221171 0.9325078703717090
4.8052108567895111 0.9325078703717089
5.9137000162569056 0.9325078703717091
0.1096901274244591 0.5427169487057387
3.1010405366849829 0.5427169487057388
3.3652747838355763 0.9745246086051012
4.0438816009098755 0.9745246086051012
4.7224884179841764 0.9745246086051009
5.4010952350584791 0.9745246086051008
6.0797020521327827 0.9745246086051009
0.0388874343903580 0.5549013625083496
2.9865107282240153 0.5549013625083499
3.5556273821959148 0.9030244291206779
4.8877261283396933 0.9030244291206778
6.2198248744834714 0.9030244291206779
0.0424380161298942 0.7815375468315356
2.0634248996717712 0.7815375468315359
3.4911483206933136 0.2430078808906093
1.0020421232045995 -0.6291516126447314
5.6725924125061784 -0.3324074948867841
2.2581885261841270 0.4975145893345019
3.9434901478030651 0.4350917300905572
0.7205640642384936 -0.3856546623331423
5.3398791360664530 -0.5557309047397473
2.6411319583452713 0.2897908472460481
4.1846325675725620 0.6971382998274442
0.1946528099829871 -0.2043508368619961
5.1902590160114643 -0.8574133401001914
3.5685543969178988 -0.8574133401001911
2.9243355564188529 -0.5929456885567578
0.1161137624806899 -0.5929456885567578
5.9687551287831484 -0.9217904398869579
4.7744003089334184 -0.9217904398869577
3.5800454890836870 -0.9217904398869576
3.0108293387955682 -0.5160755953058337
6.2121663565798961 0.4815591878338804
0.3932655653913820 0.9587179598090849
1.2582683882579533 0.9587179598090853
2.1232712111245240 0.9587179598090851
2.9882740339910958 0.9587179598090851
3.1884529628952234 0.6276300314484005
5.8652967298705434 0.6276300314484006
0.5054136904237155 0.7176147506473541
2.8166631909475504 0.7176147506473542
3.4905555785713012 0.7478252850989089
5.6685795853286063 0.7478252850989088
0.4006201263778759 0.5419983309886809
3.3569615107603683 -0.4343449995434104
2.4818599874643885 -0.8731851936785177
0.9545871689874409 -0.8731851936785178
6.0945975862113650 -0.2673033161308138
2.2740434136643453 0.6618166295570184
3.6968613070413117 0.4101541213575560
0.6738133136729709 -0.4808761322448458
5.4905669304065370 -0.5770668207191801
2.7688109081223402 0.3289943319641953
4.0750716497853832 0.7760193407912651
6.1224490323993352 0.7760193407912651
0.1858550273559408 0.8277159767827713
1.9731489810480076 0.8277159767827715
3.3832817612425763 0.1783351358817191
1.1287473224701243 -0.6966181400709048
5.7874500498581085 -0.2384262074294308
2.0801954479850133 0.5792897872031052
3.8307116000804227 0.3046180887899057
0.9707181332912971 -0.4770299738283502
5.4428490844221429 -0.3799692149422165
2.2871127324848421 0.3886742295058888
4.1011742464019072 0.4669497895762462
0.7070750411607963 -0.3121912659429891
5.2303634991520269 -0.5676445804853376
2.6227155080899052 0.2451505225647154
4.2642857755030725 0.6833570759286244
0.2726587885254889 -0.1845905106755525
5.1171583100295956 -0.8131993921569702
3.2536755772180639 -0.8131993921569702
3.0215722219403593 -0.8360547032028984
1.2793595121628434 -0.8360547032028984
6.0889767757524460 -0.1216740748423952
1.8794900004215398 0.7405668932864014
3.5398879566617114 0.1529576381742402
1.2328108177812396 -0.6517657063710598
5.7197885283059273 -0.1859346456250373
1.9471552880991656 0.5709983025762844
3.8418189275657686 0.2217158867041272
1.1474531693112149 -0.4983792933199296
5.4679772995192959 -0.2611705391911490
2.0501984277323313 0.4334889431570567
4.0542112998843329 0.3050910890073349
1.0252508117749182 -0.3756731443445864
5.2876886914707644 -0.3542532161239050
2.1940439291311238 0.3241847054296192
4.2076762506041510 0.4094326243129439
0.8562949831389428 -0.2782497992571522
5.1571354986740765 -0.4713924247684313
2.3927834074009273 0.2370930470415195
4.3181850404303015 0.5408358124366679
0.6213869343274592 -0.1999328855452584
5.0647681285224362 -0.6183010410854977
2.6729655019539211 0.1659424588369277
4.3931064534893078 0.7039411688780535
0.2819471897403438 -0.1341408300836269
5.0088972994883196 -0.7970353103033233
3.0959715505012202 0.1030665649626945
4.4209864047684597 0.8947250980762982
5.8099141621263275 0.8947250980762983
0.1732943658198964 0.5274144607890170
3.2139231366885199 -0.4690762015166936
2.7240238785224600 -0.9578926622367256
1.8503563920211228 -0.9578926622367256
0.9766889055197870 -0.9578926622367259
0.1030214190184505 -0.9578926622367256
6.2479264379482347 -0.6613819157237295
3.7035446159163286 -0.6613819157237295
2.6324994538961985 -0.6113144845313504
6.1959103657900743 0.3676727519853678
0.6441215591396620 0.9425923408297192
1.6655695415814906 0.9425923408297192
2.6870175240233185 0.9425923408297193
3.2400927648897433 0.4753725082596690
0.1760551100560331 -0.5202052784530025
5.7964363284954965 -0.8936673945474579
4.4004206527941072 -0.8936673945474580
3.0852349680596598 -0.1119303888170322
5.0314761396677596 0.7889358160902007
0.3041848949512158 0.1475283806715898
4.3655707058428650 -0.6898421842652764
2.6438631631204363 -0.1842703725959198
5.0991708176828512 0.5994852677890414
0.6545332658505889 0.2239332277577784
4.2749680183793366 -0.5184864262043131
2.3575421763567568 -0.2677338951022068
5.2114305815526576 0.4464957900251324
0.8921815280455085 0.3167183165459577
4.1395394476293905 -0.3827569329438803
2.1586563716802627 -0.3718826248474791
5.3731408728816152 0.3263515174966054
1.0591675588874283 0.4342040939477902
3.9469549376282367 -0.2763067936348892
2.0186791294746222 -0.5046164533397158
5.6030430015510175 0.2316306467715976
1.1755129338912478 0.5839187152624459
3.6705084533139272 -0.1912916895453418
1.9241196565995826 -0.6725641123313761
5.9400985107843907 0.1541208689490324
1.2477335347868308 0.7701791537257221
3.2488274339756975 -0.1185019826128086
1.8814601357841105 -0.8743276951625911
0.3612344609995323 -0.8743276951625913
6.1010475078535702 -0.6195090927601196
3.3930399299534151 -0.6195090927601197
2.7206211018813224 -0.8293910809513062
0.9423022916036566 -0.8293910809513059
6.0064432847206257 -0.2990492678796043
2.3167595322017593 0.6202757991994450
3.7556852025574767 0.4493428169136573
0.6044346963520308 -0.4435815236017585
5.4523002924635975 -0.6271874811134927
2.8799637825797935 0.2940186507987255
4.0854326042671243 0.8373047954005927
5.8207979640470899 0.8373047954005928
0.2504017486929154 0.5866252221318017
3.0821033045974096 0.5866252221318016
3.3626733495494232 0.9581545288295460
4.2336006155825929 0.9581545288295460
5.1045278816157618 0.9581545288295459
5.9754551476489306 0.9581545288295461
0.0688116812126268 0.5336439585479162
3.0924568286996625 0.5336439585479164
3.4019153047540991 0.9699941564476201
4.1386758414095741 0.9699941564476201
4.8754363780650483 0.9699941564476201
5.6121969147205233 0.9699941564476201
0.0153512378033602 0.3066263577192843
3.7883061035792465 -0.6687746532184451
2.6236489803028529 -0.5525429463975715
6.0137401989630481 0.4075272451428698
0.7451592764471456 0.8405313222123152
2.4627397006117411 0.8405313222123152
3.4105368578652087 0.4477820413115288
0.3995960271985119 -0.5238678378442480
5.6432412259802911 -0.7512793413837032
3.4808712536808235 -0.7512793413837030
2.8249462140413253 -0.7223064585847134
0.5339773750281578 -0.7223064585847133
5.8640158017505231 -0.6066567803678813
3.1123880727646891 0.3819162446777348
3.6408020830522925 0.9757823400320058
4.3023753325183050 0.9757823400320059
4.9639485819843152 0.9757823400320061
5.6255218314503255 0.9757823400320059
0.0008915201930903 0.3003954379314552
3.7976545067936045 -0.6756840713486634
2.6316875282752989 -0.5440076992754493
5.9946744811846360 0.4146955736831157
0.7455443988687459 0.8290643208873576
2.5256171013113264 0.8290643208873577
3.4247545983075933 0.4947562912293256
0.2686208575717981 -0.4863086382160121
5.6646611100101820 -0.8388250796691186
3.9376554663697299 -0.8388250796691185
2.8706180510997408 -0.3782736366982333
5.6805187806220667 0.5720975844423491
0.6441874390531468 0.6084547937999842
3.3364538951345395 -0.3471758167259107
2.3425950663180681 -0.8806727306462733
0.8620636641250295 -0.8806727306462732
6.0956537763202840 -0.3120974244700859
2.4009999995282434 0.6335333208249391
3.7258149969880199 0.5012883250555725
0.4539856568407921 -0.4243660292243601
5.4714206742829168 -0.7258805510299715
3.1959979894376467 -0.7258805510299715
3.0373228491960056 -0.9231979007669341
1.8539065215243578 -0.9231979007669341
0.6704901938527097 -0.9231979007669341
6.1587080644380219 -0.3784435406410843
2.6382169235972066 0.5977695650065488
3.7202426017071599 0.6686143563000656
6.2355723869122057 0.6686143563000656
0.1253264543202726 0.9479644234661759
1.0973641503241707 0.9479644234661759
2.0694018463280699 0.9479644234661759
3.0414395423319687 0.9479644234661757
3.1814693540028642 0.6847668833391163
5.6309800133743915 0.6847668833391161
0.4963281208955549 0.5433622726914229
3.4225753163792101 -0.4176630966820334
2.4057347689822963 -0.8336286270916043
0.6503007604307178 -0.8336286270916040
6.0045790308620166 -0.4701800779119917
2.8018795109417414 0.5057345038743133
3.7766406721069372 0.7921581775368374
5.7459966621533001 0.7921581775368376
0.3253450738518437 0.5688050798786597
3.2128671221465788 -0.4220179220280252
2.6373884899450220 -0.9565969924344452
1.7502838838419248 -0.9565969924344453
0.8631792777388276 -0.9565969924344453
6.2761929648205417 -0.2369311687558665
2.2843245225499618 0.7215667577843990
3.6041829073479743 0.3971783851817248
0.6604620876893289 -0.5144415460912760
5.5423780642587968 -0.5809310271587115
2.8085440775272281 0.3410465320962976
4.0364656948359210 0.8002816659217606
5.9655389795192733 0.8002816659217609
0.2521380804100577 0.7080923402644105
2.6041223439010861 0.7080923402644104
3.5807972762447400 0.6103492920475021
0.0340878991214397 -0.3768754356870996
5.7589116717730624 -0.9725041111460830
5.0537876509804311 -0.9725041111460829
4.3486636301877990 -0.9725041111460830
3.6435396093951655 -0.9725041111460828
3.1046976216172548 -0.3888968199511605
5.8801175703869575 0.6000404537081842
0.5356698583458399 0.7345712295665782
2.7729305034997709 0.7345712295665782
3.4906810840000304 0.7109709591100307
5.8304103318802589 0.7109709591100307
0.4103501176070952 0.6654653984633179
2.9383597875733507 0.6654653984633183
3.4694094121040697 0.8480338401297700
5.1449877232328900 0.8480338401297701
0.2047446869625132 0.1857640725750446
4.2382427652259675 -0.7043163087551257
2.6564967108288489 -0.2555819658591968
5.2647460562019877 0.5761543254512549
0.6931552669317662 0.3328524131017543
4.0518978639673833 -0.4654076154548463
2.2893449074616110 -0.4216596365836773
5.5145801633873477 0.3704676994330181
0.9744345514840795 0.5251287731091245
3.7257677383482912 -0.2885294140840897
2.0757730277213398 -0.6455315124743473
5.9433144959796085 0.2160311604955000
1.1258216597562580 0.7830354766332789
3.1395945273403196 0.7830354766332790
3.1449541864548136 0.9288564334578956
4.2833893691333769 0.9288564334578956
5.4218245518119392 0.9288564334578958
0.0820661159372928 0.2707251824035817
3.9409576037766612 -0.6833569007871567
2.6239003279445106 -0.4475462562285036
5.7247709305321743 0.4716560461188345
0.7764012163317012 0.6543807680899070
3.2929703217167843 -0.2923434804570065
2.2664838727889633 -0.8972097232861669
0.8943396990731026 -0.8972097232861668
6.1351292809490339 -0.2821842795926128
2.3378139587317968 0.6618046306604510
3.6918927584578887 0.4515177471413451
0.5658425196459163 -0.4607387173545461
5.4884594116095613 -0.6507222553372236
2.9677322001346655 0.2903766108228344
4.0380165836871473 0.8848942937299207
5.4915884663904144 0.8848942937299207
0.1875052486408242 0.3479740673457972
3.7788127871773334 -0.6093356643878363
2.5417106458064294 -0.5765107318154075
6.0266183737957508 0.3760897811788138
0.7905755826320270 0.8472267117136094
2.4707174414198225 0.8472267117136093
3.3995940155118025 0.4479020328399977
0.3912870306592400 -0.5254769031049363
5.6495501581896690 -0.7564404677784033
3.5107457508130593 -0.7564404677784032
2.8184205233788102 -0.6997227139104826
0.4310857438532867 -0.6997227139104824
5.8661046761356692 -0.6845297434282727
3.4156179738331485 -0.6845297434282726
2.7831191124925132 -0.7948675221273446
0.8271193600801278 -0.7948675221273447
5.9386761507598091 -0.3843786639109943
2.5118430269641712 0.5519468224827818
3.8212445209233765 0.5946073063058348
0.2578964234189177 -0.3481564050254866
5.4419975819415027 -0.8447423773178970
3.7478780881658604 -0.8447423773178974
2.8828397455067969 -0.4896044089371451
6.0178737562983597 0.4934122743628500
0.6053671642902826 0.8403620506121097
2.3238846886872797 0.8403620506121097
3.4088332360546469 0.3645601053611737
0.6391264781159444 -0.5819195175185887
5.6440206231641232 -0.5819525801620473
2.8744202133357484 0.3645319427834981
3.9593078747092387 0.8404004428263918
5.6776128967397526 0.8404004428263920
0.2652696924998196 0.4932559108245771
3.4007944079881161 -0.4897329097699500
2.5351673966216466 -0.8444533522946625
0.8394284339404986 -0.8444533522946625
6.0246376510449497 -0.3493546727637019
2.4649175525219151 0.5936902209895298
3.7720596053595754 0.5541517157661593
0.3389083247331380 -0.3829327862844744
5.4565046992670387 -0.7982482818664829
3.5172811340879973 -0.7982482818664828
2.8654933582108755 -0.6709630864284848
0.3596526396020369 -0.6709630864284847
5.8604128537872171 -0.7428307863163360
3.6599146543736074 -0.7428307863163359
2.7538164851906561 -0.6076174012049281
0.0006296142047254 -0.6076174012049281
6.2793615066722257 -0.9912473412123695
5.8821528162003425 -0.9912473412123695
5.4849441257284610 -0.9912473412123695
5.0877354352565805 -0.9912473412123697
4.6905267447847008 -0.9912473412123696
4.2933180543128193 -0.9912473412123696
3.8961093638409383 -0.9912473412123697
3.4989006733690577 -0.9912473412123695
3.1364094378137195 -0.4026066796227952
5.9510438166256892 0.5910317695055237
0.5111188637958479 0.7832654306537807
2.5237823414121907 0.7832654306537807
3.4921495028184344 0.5217763212559843
0.2383729503135442 -0.4565750667287426
5.6410622641339963 -0.8589792010641620
4.0285089204420652 -0.8589792010641620
2.9146230040513204 -0.3131867797114302
5.5233243775076062 0.6239690439260410
0.6008628693154665 0.4911830786272807
3.6317765158753130 -0.4256323919681399
2.3184507543322175 -0.7027086189894025
6.2426665604049081 0.2546085449826394
0.8562012590087340 0.9455093330409021
1.8511131257358215 0.9455093330409020
2.8460249924629082 0.9455093330409023
3.2259740931139151 0.5662595581065804
6.1324491597224799 0.5662595581065805
0.3936181215829153 0.9042204113491379
1.7173403250880328 0.9042204113491378
3.0410625285931507 0.9042204113491377
3.2039295343242884 0.7554156752697541
5.3474300743150813 0.7554156752697544
0.4075867423396667 0.3358982583531188
3.9329506194434689 -0.5633286831558995
2.4478702680264512 -0.4846339772733437
5.7273638216746576 0.4022835160814274
0.8797161774395716 0.6619166144894703
3.3373562230785856 -0.2642241326793851
2.1761238331114692 -0.8688404303271372
0.6223180554064716 -0.8688404303271373
6.0611829120645693 -0.4606046852856738
2.8158795759815152 0.5208253936387965
3.7464903234763942 0.7993343618645652
5.6802980601146906 0.7993343618645654
0.3254601951047256 0.5221128814833290
3.3594447125027860 -0.4596374155378622
2.5212510921017839 -0.8713904174777478
0.9829672713841930 -0.8713904174777479
6.0959463130062472 -0.2534477137347509
2.2361694113012369 0.6706149461009205
3.6852091147741413 0.3832788219116011
0.7351584077240139 -0.4977820989531374
5.5029814012164868 -0.5338320015269419
2.6651247410298025 0.3528665549590306
4.0741202505948868 0.7134745087187342
0.0821975592738694 -0.2255929069884575
5.3096588888958154 -0.9180139975244560
4.0864119818585065 -0.9180139975244561
3.0521775367058357 -0.2395264777507802
5.3876741560765335 0.7027683635253827
0.4931388614851148 0.3795963304330114
3.8623874646055301 -0.5151067907059119
2.3892805646299040 -0.5406451922583565
5.8383797047444759 0.3580674458775403
0.9131431463376548 0.7331291975782033
3.1521076275767590 -0.2193547053064722
2.2212808554041730 -0.9498347671460284
1.2670238595567180 -0.9498347671460282
0.3127668637092630 -0.9498347671460283
6.2025538006608087 -0.5475575824359098
3.2285253240185421 -0.5475575824359095
2.8169973540124951 -0.9459853926889097
1.8264811586090295 -0.9459853926889097
0.8359649632055633 -0.9459853926889097
6.2389466933275672 -0.2638280479254451
2.3441574348760708 0.6955070352616368
3.6408665287932864 0.4446743083630911
0.5557266285737242 -0.4780613655259009
5.5170156228497920 -0.6553894079483127
2.9999604189729530 0.2939293419432294
4.0052728175257926 0.9026412368352990
5.3400450215042019 0.9026412368352990
0.1263530139304767 0.2527751166802361
4.0181613748725624 -0.6857959388004780
2.6226226446364360 -0.3970973868361934
5.5941248910104484 0.4983953471290636
0.7703175312156711 0.5644294897669651
3.5349265821581408 -0.3414101566868114
2.2207145693672712 -0.7642324629769252
0.1178999783378369 -0.7642324629769250
6.1254928735000247 -0.8628278816333951
4.5356339084610227 -0.8628278816333951
3.0534923263078508 -0.0654286455705661
4.8924862008384427 0.8039359826147525
0.2344152521868405 0.0770360980715372
4.5250139651064396 -0.7467252913832618
2.7813227970785332 -0.0887028798047519
4.9097315304930582 0.6920195969113823
0.4704355903503921 0.1006911262465132
4.5028969084523434 -0.6402172552031794
2.5736032101878741 -0.1131841058974910
4.9360016381013061 0.5914821019340897
0.6550780058445689 0.1263282018649954
4.4727512106227687 -0.5458405670903594
2.4083082832047982 -0.1402518280494948
4.9699714391472662 0.5032362123668597
0.8038252809537159 0.1550751478394898
4.4348745049043874 -0.4635624297060461
2.2739265796885064 -0.1709155938764781
5.0119291438236457 0.4266829258688293
0.9255919822479470 0.1878912627755767
4.3885914014041996 -0.3924449271995263
2.1633380724574254 -0.2061231346246895
5.0628425281066081 0.3606878321192764
1.0262032500635114 0.2257365806612218
4.3326858443325618 -0.3312489097741144
2.0716854799055620 -0.2468623890593490
5.1241598143647149 0.3039670251560128
1.1097711237708836 0.2696374138097370
4.2654758090990290 -0.2786850131079056
1.9954456518817798 -0.2942048747418008
5.1978117308625853 0.2552511059530340
1.1793423826998528 0.3207142793473723
4.1847550965891775 -0.2335196807022864
1.9319658056433693 -0.3493208833303555
5.2863192098016407 0.2133514984122107
1.2372365900181359 0.3801845450682928
4.0876338940491985 -0.1946135405120598
1.8792150997720694 -0.4134677473141636
5.3930143732961051 0.1771784914728308
1.2852271764120202 0.4493324407878925
3.9702378955034128 -0.1609238626919532
1.8356580952572474 -0.4879351816566193
5.5224514743412110 0.1457306853122966
1.3246185528414607 0.5294197398429145
3.8271386993689465 -0.1314815975914584
1.8002300231913662 -0.5739058551720265
5.6812147641281499 0.1180579705472986
1.3562040695594246 0.6214719252559391
3.6501725841481334 -0.1053353512004905
1.7724806484221807 -0.6721277102504084
5.8797140596497384 0.0931756935249581
1.3799410474485843 0.7257696494545182
3.4255715823058503 -0.0814128397535713
1.7532686874246532 -0.7821034751418514
6.1370807525010882 0.0698220003924455
1.3933838262207481 0.8404983975097674
3.1111465595706704 0.8404983975097675
3.1750874970381817 0.8692029228505537
4.7266953706569170 0.8692029228505539
6.2783032442756523 0.8692029228505539
0.0047228177173434 0.8595696189050224
1.6138134373748010 0.8595696189050226
3.1812470009084919 0.0150235271745940
1.5275894975358784 -0.8452280704297312
6.2032917745636240 -0.0157585768926962
1.6142701726559132 0.8308996033169447
3.2600598784807904 0.0164897119898543
1.5269887072554540 -0.8166111786246104
6.1276675201594788 -0.0172188459873224
1.6149964439755304 0.8023857394331432
3.3327588729007553 0.0179475951857953
1.5261512063722642 -0.7882428959495086
6.0576687310333721 -0.0186773482620811
1.6159340807736002 0.7741994604325981
3.4002519126907096 0.0194093167847211
1.5251221705045517 -0.7602698722107202
5.9925117877432053 -0.0201445726473884
1.6170475711774821 0.7464665405480957
3.4632220453623179 0.0208840763188957
1.5239297841402228 -0.7328001249555354
5.9315960967234540 -0.0216286985114950
1.6183143828326425 0.7192797670741119
3.5222014680276552 0.0223792370444549
1.5225921522403096 -0.7059132845125758
5.8744467911627707 -0.0231364301420038
1.6197199272969443 0.6927073343951264
3.5776165416635926 0.0239009670458447
1.5211210346014261 -0.6796675525041529
5.8206788971645409 -0.0246734965780202
1.6212547467946212 0.6667986725443500
3.6298166560621241 0.0254546341203719
1.5195239951496808 -0.6541046290539568
5.7699738336807824 -0.0262449673572461
1.6229128513477853 0.6415886467412384
3.6790935472661097 0.0270450610424489
1.5178057031770278 -0.6292533184585466
5.7220633935599814 -0.0278554609892410
1.6246906899996503 0.6171006735930525
3.7256946880147384 0.0286766974364174
1.5159687543325839 -0.6051322383178555
5.6767184677893630 -0.0295092879094410
1.6265864900616516 0.5933490888848960
3.7698328472270792 0.0303537396699757
1.5140142065299687 -0.5817518989340767
5.6337408902204276 -0.0312105518276746
1.6285998194029074 0.5703409816281326
3.8116930877865371 0.0320802171731262
1.5119419397389506 -0.5591163272904345
5.5929574005290181 -0.0329632237792835
1.6307312889957568 0.5480776371158220
3.8514380009910405 0.0338600564096597
1.5097509031850382 -0.5372243534372853
5.5542150842708526 -0.0347711977644770
1.6329823465226501 0.5265556869597303
3.8892116964461709 0.0356971295903071
1.5074392883832810 -0.5160706413129172
5.5173778673000022 -0.0366383336742593
1.6353551307883785 0.5057680352265466
3.9251428941434998 0.0375952927401616
1.5050046520079194 -0.4956465225894168
5.4823237783804606 -0.0385684912612666
1.6378523677637737 0.4857046106200904
3.9593473562732986 0.0395584162016420
1.5024440040159250 -0.4759406763473816
5.4489427817255498 -0.0405655576964785
1.6404772957863079 0.4663529815742559
3.9919298251003359 0.0415904096799583
1.4997538711761866 -0.4569396864776588
5.4171350392512032 -0.0426334704680105
1.6432336116109145 0.4476988619787390
4.0229855856447463 0.0436952433022051
1.4969303428362899 -0.4386285010023993
5.3868095015478552 -0.0447762368601254
1.6461254316646889 0.4297265287317040
4.0526017394231246 0.0458769657368017
1.4939691036147555 -0.4209908119510460
5.3578827536160087 -0.0469979509011589
1.6491572645966146 0.4124191675618573
4.0808582528947612 0.0481397201308956
1.4908654562912536 -0.4040093703458191
5.3302780603990705 -0.0493028084287529
1.6523339923721097 0.3957591600427857
4.1078288282448145 0.0504877584227525
1.4876143372142703 -0.3876662478038356
5.3039245707043055 -0.0516951207526551
1.6556608579496424 0.3797283220738668
4.1335816326148702 0.0529254544446078
1.4842103258923014 -0.3719430539528525
5.2787566479293258 -0.0541793272757085
1.6591434581211724 0.3643081020801746
4.1581799134812663 0.0554573161300123
1.4806476499789685 -0.3568211170822672
5.2547133032330073 -0.0567600073473201
1.6627877404809368 0.3494797456200873
4.1816825216611893 0.0580879970659379
1.4769201865397650 -0.3422816340695987
5.2317377121640618 -0.0594418915604604
1.6666000037602062 0.3352244318654760
4.2041443587695300 0.0608223075755137
1.4730214602561456 -0.3283057945355669
5.2097767998072486 -0.0622298726562894
1.6705869009633989 0.3215233864512424
4.2256167624236669 0.0636652254766102
1.4689446390534862 -0.3148748833166045
5.1887808825870270 -0.0651290161651908
1.6747554448861617 0.3083579744175661
4.2461478397963290 0.0666219066306831
1.4646825275143600 -0.3019703646500455
5.1687033572360406 -0.0681445708860335
1.6791130157042005 0.2957097763449234
4.2657827580335299 0.0696976953726245
1.4602275583446773 -0.2895739509059572
5.1495004292726998 -0.0712819792846220
1.6836673704033940 0.2835606502755240
4.2845639984313211 0.0728981348938998
1.4555717820887759 -0.2776676582418666
5.1311308747696751 -0.0745468878758795
1.6884266538844759 0.2718927816004217
4.3025315799894797 0.0762289776365788
1.4507068552342715 -0.2662338511808116
5.1135558303292026 -0.0779451576411309
1.6933994116244915 0.2606887227501674
4.3197232569500787 0.0796961957440008
1.4456240268038683 -0.2552552778026195
5.0967386070825667 -0.0814828745211006
1.6985946038162463 0.2499314242440256
4.3361746941230290 0.0833059916039701
1.4403141234963706 -0.2447150969803083
5.0806445252527661 -0.0851663600161693
1.7040216209385559 0.2396042584171299
4.3519196231533668 0.0870648085119958
1.4347675334103098 -0.2345968988780429
5.0652407664009091 -0.0890021819176237
1.7096903007365061 0.2296910369477141
4.3669899823618099 0.0909793414747279
1.4289741883593174 -0.2248847197463165
5.0504962409484229 -0.0929971651866402
1.7156109466134934 0.2201760231407296
4.3814160423645196 0.0950565481670557
1.4229235447672017 -0.2155630518977611
5.0363814689518147 -0.0971584029912857
1.7217943474567949 0.2110439397842126
4.3952265193299054 0.0993036600500299
1.4166045631117368 -0.2066168496182553
5.0228684724221937 -0.1014932679056139
1.7282517989366015 0.2022799732762449
4.4084486774439977 0.1037281936506165
1.4100056858684971 -0.1980315316587969
5.0099306777419068 -0.1060094232687820
1.7349951263357155 0.1938697746196648
4.4211084219192722 0.1083379619980872
1.4031148138891369 -0.1897929808606944
4.9975428269461766 -0.1107148346958064
1.7420367089838986 0.1857994577958869
4.4332303836852516 0.1131410862053878
1.3959192811316807 -0.1818875413873788
4.9856808968171098 -0.1156177817249221
1.7493895063878397 0.1780555959559353
4.4448379967351386 0.1181460071769548
1.3884058276431837 -0.1743020139683630
4.9743220248875666 -0.1207268695793600
1.7570670861652622 0.1706252158040656
4.4559535689652590 0.1233614974169542
1.3805605706770907 -0.1670236495028032
4.9634444415784209 -0.1260510410134935
1.7650836539103270 0.1634957904955550
4.4665983472283530 0.1287966729036571
1.3723689738082769 -0.1600401413202513
4.9530274077991461 -0.1315995882045746
1.7734540851376361 0.1566552313239986
4.4767925772239145 0.1344610049864105
1.3638158138876710 -0.1533396163533003
4.9430511574317135 -0.1373821646414703
1.7821939594743093 0.1500918784336656
4.4865555587657280 0.1403643322512378
1.3548851456549933 -0.1469106254398817
4.9334968441944120 -0.1434087969506996
1.7913195972942710 0.1437944907581374
4.4959056968960436 0.1465168722892521
1.3455602638020248 -0.1407421329410822
4.9243464924475946 -0.1496898965874196
1.8008480990166527 0.1377522353568275
4.5048605492552660 0.1529292332885457
1.3358236622492494 -0.1348235058328096
4.9155829515594407 -0.1562362713045467
1.8107973873217305 0.1319546762953644
4.5134368700640355 0.1596124253547299
1.3256569903650637 -0.1291445024057906
4.9071898534981253 -0.1630591362966043
1.8211862525738214 0.1263917631936155
4.5216506510297014 0.1665778714475094
1.3150410058181679 -0.1236952606877147
4.8991515733585294 -0.1701701248957968
1.8320344017819665 0.1210538195458830
4.5295171594502337 0.1738374178001887
1.3039555237092582 -0.1184662866833967
4.8914531925679663 -0.1775812986758235
1.8433625114770782 0.1159315309010620
4.5370509737547362 0.1814033436653810
1.2923793615766361 -0.1134484425131974
4.8840804645471625 -0.1853051567935411
1.8551922849397600 0.1110159329759508
4.5442660166898730 0.1892883702028907
1.2802902798103706 -0.1086329345163160
4.8770197826307111 -0.1933546443692408
1.8675465142778127 0.1062983997621700
4.5511755863352263 0.1975056682941517
1.2676649169396346 -0.1040113013736219
4.8702581500760687 -0.2017431596722832
1.8804491479282419 0.1017706316759260
4.5577923851070716 0.2060688650309964
1.2544787191755937 -0.0995754022941777
4.8637831520124619 -0.2104845598394302
1.8939253642477871 0.0974246437899875
4.5641285468888606 0.2149920485840450
1.2407058634954520 -0.0953174053002908
4.8575829292013228 -0.2195931648073928
1.9080016519612073 0.0932527541784289
4.5701956624072526 0.2242897711066080
1.2263191734387173 -0.0912297756376074
4.8516461534986304 -0.2290837590878317
1.9227058983612952 0.0892475723968112
4.5760048029544205 0.2339770492724800
1.2112900266507405 -0.0873052643292352
4.8459620049270828 -0.2389715909509349
1.9380674863030678 0.0854019881132568
4.5815665425401342 0.2440693619788828
1.1955882530463808 -0.0835368968859627
4.8405201502830817 -0.2492723685111341
1.9541174012120053 0.0817091598992083
4.5868909785402918 0.2545826446673429
1.1791820222723097 -0.0799179621781715
4.8353107232202666 -0.2600022521235910
1.9708883495392913 0.0781625041823362
4.5919877508916027 0.2655332796232992
1.1620377189125726 -0.0764420014688146
4.8303243057685421 -0.2711778424004051
1.9884148903540542 0.0747556843578968
4.5968660598645839 0.2769380815071497
1.1441198035991855 -0.0731027976006860
4.8255519112657064 -0.2828161630381864
2.0067335820742631 0.0714826000486546
4.6015346824281433 0.2888142772420354
1.1253906578457176 -0.0698943643249237
4.8209849686985482 -0.2949346375101453
2.0258831467177409 0.0683373764970444
4.6060019871980238 0.3011794792330016
1.1058104100016020 -0.0668109357510233
4.8166153084727341 -0.3075510585118195
2.0459046545203026 0.0653143540662983
4.6102759479373230 0.3140516507133752
1.0853367392084936 -0.0638469558913408
4.8124351496568520 -0.3206835488544405
2.0668417323418136 0.0624080778195094
4.6143641555488344 0.3274490618011066
1.0639246536013609 -0.0609970682647446
4.8084370887772545 -0.3343505122669734
2.0887407999928382 0.0596132871366379
4.6182738284644032 0.3413902345927516
1.0415262382022878 -0.0582561055143537
4.8046140902787791 -0.3485705722882372
2.1116513395033141 0.0569249053188240
4.6220118212935279 0.3558938753158770
1.0180903669591501 -0.0556190789825620
4.8009594788146135 -0.3633624970932157
2.1356262034723885 0.0543380291163660
4.6255846315390201 0.3709787911893716
0.9935623721245409 -0.0530811681720907
4.7974669335904156 -0.3787451076883228
2.1607219700545666 0.0518479181005653
4.6289984041171950 0.3866637891891453
0.9678836625717027 -0.0506377100036220
4.7941304850680231 -0.3947371664104079
2.1869993539457817 0.0494499837790642
4.6322589333278659 0.4029675533626471
0.9409912805939308 -0.0482841877572528
4.7909445144404676 -0.4113572420491746
2.2145236850626233 0.0471397783278119
4.6353716617965812 0.4199084966513550
0.9128173840808375 -0.0460162195547520
4.7879037564324554 -0.4286235471498540
2.2433654696366760 0.0449129827780736
4.6383416757455596 0.4375045823281423
0.8832886374987550 -0.0438295461996402
4.7850033061743407 -0.4465537420986335
2.2736010524227650 0.0427653944507849
4.6411736957225083 0.4557731090851400
0.8523254905274436 -0.0417200181387388
4.7822386311652494 -0.4651646993877202
2.3053134039979546 0.0406929133685313
4.6438720616004527 0.4747304524473015
0.8198413170986932 -0.0396835812364787
4.7796055897154970 -0.4844722199175220
2.3385930642146562 0.0386915272907642
4.6464407102160479 0.4943917534398113
0.7857413793328026 -0.0377162609538691
4.7771004577908611 -0.5044906912045599
2.3735392825063260 0.0367572949007326
4.6488831433752837 0.5147705431659894
0.7499215695769814 -0.0358141443854533
4.7747199669503999 -0.5252326747606211
2.4102614090253329 0.0348863265080730
4.6512023830252094 0.5358782889585755
0.7122668680704031 -0.0339733594114234
4.7724613571997878 -0.5467084064527101
2.4488806091760051 0.0330747613961421
4.6534009090103439 0.5577238437620766
0.6726494316443818 -0.0321900499396450
4.7703224502751898 -0.5689251889924285
2.4895320005405899 0.0313187406020151
4.6554805727446809 0.5803127749563475
0.6309261971256117 -0.0304603457982453
4.7683017514612320 -0.5918866493075519
2.5323673494900620 0.0296143734119147
4.6574424769022711 0.6036465412861938
0.5869358366756455 -0.0287803252198900
4.7663985920961718 -0.6155918246020670
2.5775585213786192 0.0279576950907568
4.6592868061168833 0.6277214758975479
0.5404948329019755 -0.0271459669109080
4.7646133314151768 -0.6400340281277558
2.6253019638095383 0.0263446121810055
4.6610125853634568 0.6525275180665738
0.4913923353471046 -0.0255530872110472
4.7629476471112442 -0.6651994269868597
2.6758246351993504 0.0247708298234408
4.6626173287441555 0.6780466133620524
0.4393832928994048 -0.0239972554487219
4.7614049622880792 -0.6910652361819012
2.7293920027494636 0.0232317524657063
4.6640965171868736 0.7042506671499923
0.3841790857245794 -0.0224736765937982
4.7599910888482162 -0.7175973896114186
2.7863190834786442 0.0217223440853518
4.6654427998339250 0.7310988815120915
0.3254344250655875 -0.0209770233837664
4.7587152271187314 -0.7447474789697052
2.8469861010102377 0.0202369247983796
4.6666447312166293 0.7585342160722858
0.2627284922012007 -0.0195011875850890
4.7575915774660054 -0.7724486352140801
2.9118614042372455 0.0187688635883748
4.6676846913043271 0.7864785604818797
0.1955368230186321 -0.0180388962587396
4.7566420582825186 -0.8006098240918714
2.9815363220868623 0.0173100933488570
4.6685352842391818 0.8148259322966194
0.1231875915598862 -0.0165810908110606
4.7559011520741734 -0.8291076519741178
3.0567807138760141 0.0158503041950128
4.6691527024001340 0.8434324913594556
0.0447899798347673 -0.0151158618707073
4.7554251738392699 -0.8577740365364992
3.1386368826758444 0.0143755111142942
4.6694634850145622 0.8721010866649286
6.2033959454403478 0.8721010866649288
0.0648351422585823 0.8066848787519263
1.9616404218620787 0.8066848787519265
3.4247596477609652 0.1794955952637126
1.1388758152324168 -0.6823354083463836
5.7638014209000463 -0.2357079757850212
2.0672166033358974 0.5711825822694688
3.8434483337176233 0.2977212703717412
0.9891778181256735 -0.4740237712817810
5.4370176092927363 -0.3681198239830227
2.2603513763256271 0.3897578895325405
4.1028330504612445 0.4490616435947173
0.7458816983798391 -0.3165979715332370
5.2306727273880558 -0.5424364856347750
2.5662462009297351 0.2524586636434484
4.2644158561744696 0.6496106650965396
0.3564909076821131 -0.1949224587473399
5.1118541801597468 -0.7705353018174503
3.0782197170204411 0.1405665390662735
4.3253527864550163 0.9009497735582802
5.6718668084902220 0.9009497735582800
0.1687357995394353 0.4371459422346910
3.4980958230348702 -0.5460169611389172
2.5550308392412076 -0.7758736771748000
0.5069607062649928 -0.7758736771747999
5.9421107919909666 -0.5979622871583428
3.1526217500263174 -0.5979622871583422
3.0805861480661960 -0.9863593600955876
2.5845152540769667 -0.9863593600955873
2.0884443600877347 -0.9863593600955873
1.5923734660985027 -0.9863593600955872
1.0963025721092687 -0.9863593600955873
0.6002316781200345 -0.9863593600955872
0.1041607841308008 -0.9863593600955873
6.2665876346822529 -0.5716161190572765
3.3796528833815813 -0.5716161190572763
2.6690211896427942 -0.8479916081694777
0.9932038214322553 -0.8479916081694778
6.0494331709537077 -0.2611893913571616
2.2352559235411027 0.6538402566596183
3.7111281442219020 0.3874313541110992
0.7366277357799155 -0.4875136086302884
5.4877132042774539 -0.5343742712549724
2.6588129824252884 0.3478747972738362
4.0842256660187974 0.7095287460853856
0.1001547138005896 -0.2252219564977256
5.2946426186686857 -0.9092343417565765
4.0065910972224339 -0.9092343417565765
3.0146419862675495 -0.2875524872789124
5.5070335878805663 0.6627430521228717
0.5460549065239484 0.4692678692202139
3.6586313971854514 -0.4520990196361101
2.3492613330994110 -0.6833767941561829
6.2060399490563460 0.2721071287979919
0.8528056460466985 0.9316260879976490
1.9685965824727689 0.9316260879976491
3.0843875188988390 0.9316260879976492
3.1714596408649083 0.7429771986278008
5.3713016804046152 0.7429771986278009
0.4287759674138339 0.3551997257442642
3.8935276961593877 -0.5468267964816300
2.4298430322527480 -0.5141773196670958
5.7923912383037823 0.3827238769632972
0.8898163942195360 0.7041733429471680
3.2231385558979730 -0.2400382732590682
2.2048931497752871 -0.9219847497527665
1.0120428133339361 -0.9219847497527663
6.2218102184539550 -0.2041772782403408
2.1565754723536998 0.7320943587970813
3.5862945346927928 0.3144433974121150
0.8619657960130591 -0.5630313877513456
5.5804615065549905 -0.4378726329396901
2.4678648932867961 0.4204127041793695
4.0234760365174047 0.5838254017747428
0.4028200044643765 -0.2993901597477865
5.2870903817914900 -0.7563690818735920
3.1479585717232865 -0.7563690818735921
3.1292233743598348 -0.9405287420140714
2.0893960576674937 -0.9405287420140711
1.0495687409751535 -0.9405287420140712
0.0097414242828113 -0.9405287420140709
6.2781466583377465 -0.7580912862896347
4.1469250967471512 -0.7580912862896347
2.7424118063675431 -0.2933072122727625
5.3875630345762584 0.5880525523807763
0.6685520061198094 0.4104749693676834
3.8656864115003859 -0.4439508998725235
2.2844514397856495 -0.5482303656986695
5.8044008719244751 0.3221561419546486
0.9832100023933983 0.7115757044733209
3.2612086083322218 -0.2143268404627883
2.1130708986693567 -0.8970206878909404
0.7396431028396542 -0.8970206878909402
6.1140339804860364 -0.3667996486857313
2.5717290309795859 0.5993677461813685
3.7385969578032872 0.6239495798651363
0.1154605486291415 -0.3454834721647307
5.5555633676954930 -0.9244547410101305
4.3819965528480997 -0.9244547410101305
3.2084297380007052 -0.9244547410101303
3.1047405889197215 -0.7484277544525195
0.9294403735715115 -0.7484277544525195
5.8637495903552814 -0.3423992285540935
2.3613040338729570 0.5563947159971514
3.8438486294770242 0.4934081011566661
0.5382020405178770 -0.3955193025858166
5.3982691352532637 -0.6735705930070350
2.9751847344693068 0.2570982240853297
4.1035789317719971 0.8829591792299467
5.5695652981657808 0.8829591792299469
0.1969989968855896 0.3942056504682894
3.6492441802212703 -0.5747571227925363
2.5295655250001587 -0.6710693595857692
0.0241548004711697 -0.6710693595857691
6.2118574225237557 -0.9622391892873916
5.3848140447651085 -0.9622391892873914
4.5577706670064595 -0.9622391892873915
3.7307272892478087 -0.9622391892873912
3.0914566713434599 -0.3645233889611934
5.7923025398411800 0.6185966530216991
0.5458201437480313 0.6715657487632439
3.0492216780550092 0.6715657487632439
3.3407413240653847 0.9182940536760817
4.5618678138127926 0.9182940536760817
5.7829943035602005 0.9182940536760817
0.1391181376702428 0.4833327859670934
3.3274910852246347 -0.5103957496769929
2.6300585626297770 -0.8883839769422068
1.1991247223427155 -0.8883839769422068
6.1917225365475570 -0.1397450431070096
1.9582494228874465 0.7631232360606811
3.5102934632280269 0.1904087532951834
1.1372504663533229 -0.6472342285623441
5.7046845887453186 -0.2441284744709247
2.0698257560119337 0.5442279915988120
3.8851616424138320 0.3038320729235139
0.9875875758434264 -0.4541279438611439
5.4074188894570785 -0.3716403903647911
2.2591957480084508 0.3757405186358982
4.1238441528183598 0.4494145212465155
0.7518079137549724 -0.3074186133652960
5.2156522433528290 -0.5388166263873956
2.5527454775304732 0.2473112402706877
4.2756419501653564 0.6410791725619515
0.3820190279004656 -0.1933196819095687
5.1018340571699259 -0.7562845530835485
3.0320275689004732 0.1425956073616114
4.3412912045820899 0.8812417021053238
5.8182154397650230 0.8812417021053236
0.1915201718279879 0.5465764761294377
3.1671007536775879 -0.4507403895178670
2.8154269470585778 -0.9841245310237632
2.2801593206031097 -0.9841245310237632
1.7448916941476433 -0.9841245310237633
1.2096240676921772 -0.9841245310237631
0.6743564412367093 -0.9841245310237631
0.1390888147812379 -0.9841245310237628
6.2609730896332598 -0.5601038651967758
3.3321499193999666 -0.5601038651967754
2.6961846565265422 -0.8800300674771659
1.2115885689793491 -0.8800300674771658
6.1743717907875935 -0.1377752839074310
1.9470286028885728 0.7591827598146630
3.5159618147380161 0.1853171493293900
1.1510147364760925 -0.6473969097096756
5.7057710855082098 -0.2357162308929842
2.0516439934733914 0.5477302156821058
3.8800173567485863 0.2915437355237899
1.0120317240050809 -0.4602235456968015
5.4148537390512921 -0.3546894176303484
2.2262202376650935 0.3838321617098234
4.1154368306277025 0.4268293552478313
0.7963785116423974 -0.3171018427213350
5.2238754164303431 -0.5095028282034567
2.4921234280455411 0.2584108111528945
4.2689458782231284 0.6039757058695552
0.4658450990919250 -0.2059845999804020
5.1045648164171187 -0.7107936956795424
2.9114426624267122 0.1576449224146571
4.3507828259399322 0.8285663418609467
6.1335255222648684 0.8285663418609465
0.1375483215546648 0.7994636331246279
2.0707105702021269 0.7994636331246281
3.4583639348097273 0.2405223345511568
0.9959383929651352 -0.6409129523425930
5.6911186200859811 -0.3335337157122084
2.2674965454597937 0.5038681697422041
3.9330777113082260 0.4403130987989842
0.7046851674975270 -0.3876493128312656
5.3458859786057360 -0.5660197159632437
2.6683342822691172 0.2881608008512404
4.1796713812589150 0.7135437870414937
0.1468961878905214 -0.1990762030350026
5.2024679386665316 -0.8798682887632585
3.7168502479183840 -0.8798682887632585
2.9388025071677166 -0.4795387546752622
6.0315019751472532 0.5078824642228673
0.5734932477143027 0.8476655993930482
2.2511549876748997 0.8476655993930480
3.3896823580378879 0.3181922315670146
0.7575584266149037 -0.6158556568911941
5.6708294151002896 -0.4948483902137533
2.6545916929085536 0.4205845020374221
3.9713420401268298 0.7050442019611962
0.0380713715649505 -0.2519495925197712
5.4227267945352731 -0.9460102686570395
4.4324408067447125 -0.9460102686570396
3.4421548189541524 -0.9460102686570396
3.0572472998240672 -0.5622573767156067
0.1362295173208207 -0.5622573767156065
5.9024492862825531 -0.9138463555345528
4.6480472603164564 -0.9138463555345528
3.3936452343503580 -0.9138463555345527
3.0301164341955760 -0.6437627086969240
0.4159721278184733 -0.6437627086969241
5.7998450404352404 -0.7141889544241496
3.4738758256530691 -0.7141889544241496
2.7849149850043164 -0.7444035854399886
0.5914737864553475 -0.7444035854399886
5.8818007103033567 -0.5587386434856894
2.9766192881964249 0.4216415350653795
3.7760496360596818 0.9027860204668625
5.1098123007062863 0.9027860204668626
0.0619655689295533 0.1441423289339117
4.3020807124479310 -0.7688256208722694
2.7800651868020942 -0.2013416158388415
5.1744263436691122 0.6448960150722980
0.5837650077740832 0.2620725799733155
4.1751525519005055 -0.5354460430963018
2.3856309026057398 -0.3300483728862110
5.3476750124081036 0.4404098854311861
0.8918016135806283 0.4078897940750922
3.9527439682758323 -0.3582326278957316
2.1423467322742327 -0.4978337439164776
5.6292507592187242 0.2868040663925255
1.0828889923233704 0.6017049387525613
3.5944170777437838 -0.2236778579407231
1.9975808348071107 -0.7203193814708133
6.0958111394820209 0.1657289957297137
1.1759978746614490 0.8515822881333065
2.8313797149945725 0.8515822881333066
3.3352222978165740 0.6739356901252231
5.8290143551610880 0.6739356901252231
0.4588939854716372 0.6788375556022155
2.9327205351410304 0.6788375556022154
3.4593966278982293 0.8399106370297330
5.1804109957768709 0.8399106370297330
0.2301346527043990 0.2071725104776627
4.1908736046073320 -0.6851338449000137
2.6215119012215129 -0.2891876250299622
5.3315423356281322 0.5489348641132248
0.7313404378846409 0.3814158713454417
3.9569158844664427 -0.4325477281584431
2.2524465197568726 -0.4888544700933124
5.6504979236102733 0.3333001870664787
1.0055672084609393 0.6150384054319422
3.5278473077371575 -0.2469728500578303
2.0583701772948779 -0.7612255535553036
6.2457400598564217 0.1672191075540903
1.0951415249096244 0.9212739896048082
2.2934863735142788 0.9212739896048082
3.2444207390208977 0.2851005429304104
0.7690883191095692 -0.6693174295751204
5.7476204261863097 -0.4718166929387391
2.6372795076726332 0.4533457182890395
3.9277514329261112 0.6915110109471490
0.0483628365211824 -0.2683784502282847
5.4541379111460930 -0.9450548223771020
4.4550467268676934 -0.9450548223771019
3.4559555425892952 -0.9450548223771019
3.0544653455704598 -0.5555238620977101
0.1090874037775516 -0.5555238620977100
5.9320363166288095 -0.9315300341718684
4.8154527377314240 -0.9315300341718684
3.6988691588340372 -0.9315300341718683
3.0254363855043644 -0.4321363217149513
5.9530024883196369 0.5559839742822205
0.5577408561435632 0.7912902128460575
2.5313593399376728 0.7912902128460577
3.4795944025609380 0.5221229757051005
0.2276220557949960 -0.4580061761681404
5.6520142110426868 -0.8654921948889973
4.0780389349836099 -0.8654921948889972
2.9341972269199093 -0.2818450082382360
5.4464903678000587 0.6482273854318896
0.5735503357591207 0.4340559918390085
3.7642647871156347 -0.4633204038914555
2.3352344665579450 -0.6131029791629838
5.9979822561257956 0.3074783384603172
0.9310095210436600 0.8254839161098391
2.7302015922618863 0.8254839161098388
3.3954749225705383 0.6286676158434853
6.0683182440032528 0.6286676158434852
0.3804067994389023 0.8509156067433750
2.0395999352702945 0.8509156067433751
3.3483719085209063 0.2027525860831230
1.0520821010255808 -0.6944890550129781
5.7787407538231754 -0.2850061042591572
2.1855914287221867 0.5564058072843867
3.8619678449533077 0.3771968495935263
0.8208846210916338 -0.4383613666266660
5.4018381344004212 -0.4845159656574339
2.5021354311038206 0.3377712936831555
4.1416704135684670 0.6106133048752747
0.3944923747579543 -0.2504129411802068
5.2035359465271540 -0.7568888311471980
3.0935606388291741 0.1699579121561245
4.2363116440307698 0.9175159931503019
5.4633205966512479 0.9175159931503017
0.1165332922012904 0.3034936794952017
3.8646594545331099 -0.6538920406709910
2.5894501971449739 -0.5068718438966479
5.8633594221411895 0.4289589730887021
0.7908015611037610 0.7472965825578330
2.9712135631873275 0.7472965825578328
3.3597081848377144 0.8368122762172371
5.0977741580885576 0.8368122762172374
0.2179729640733088 0.1666033425014338
4.2932206960473920 -0.7102318058650253
2.6717406038202953 -0.2217337378540147
5.1908852931335918 0.5960414061026555
0.6628073918419556 0.2818979347252752
4.1539636288149042 -0.4958528604801606
2.3266988697398880 -0.3498505836119269
5.3726059329251834 0.4088583301832833
0.9361314204463259 0.4278036057495806
3.9244801192061680 -0.3333905787118110
2.1089734042207149 -0.5177076537239846
5.6607144570697683 0.2674388991417379
1.1078179892925510 0.6210999894277245
3.5595872818825884 -0.2087123628750859
1.9794821751836111 -0.7384339725662579
6.1349472580972551 0.1542048527418822
1.1872798564510176 0.8670450598069639
2.7519301469584887 0.8670450598069642
3.3389628152343898 0.6082216653825537
6.0898665933123564 0.6082216653825540
0.3858262514533142 0.8696530142508063
1.9347011360500728 0.8696530142508064
3.2776958417090509 0.1440763440420311
1.1858611931206104 -0.7475899416539920
5.8855101722369039 -0.1930697157353172
2.0025925263016853 0.6353887713103012
3.7395582147716233 0.2453846191606896
1.0741475390620590 -0.5357321397342695
5.5264940186341658 -0.3036021099397458
2.1500417863935359 0.4484636699321075
4.0261003654477712 0.3696691868653523
0.8889292104817571 -0.3724064703244941
5.2952108155361408 -0.4453226694184100
2.3794346554992387 0.3059999784450496
4.2128839247071941 0.5321319038585726
0.6047904959452445 -0.2475131005983296
5.1463725035949990 -0.6312965552083949
2.7352044132905782 0.1950111362646757
4.3260223296864426 0.7430339933531570
0.1477709254692334 -0.1459557166619604
5.0763065423129934 -0.8648389404511824
3.4984233968713214 -0.8648389404511826
2.9492844525414905 -0.6315045084084663
0.2874009772898647 -0.6315045084084663
5.8520863815336375 -0.8027668572804224
3.9354813188799955 -0.8027668572804222
2.8098767927736046 -0.4005215518512170
5.7056602753636207 0.5446406376820412
0.6763498185361601 0.6307597025158002
3.2936869120040364 -0.3269026461419096
2.3383192849031342 -0.9020411601605067
0.9993704720561970 -0.9020411601605069
6.1683317310839447 -0.2251712915545652
2.1916023628585912 0.7060344374075638
3.6299594980242862 0.3444192141098449
0.8064849622664236 -0.5343183809166107
5.5449209270933366 -0.4801912958801299
2.5534681959773202 0.3901351768660303
4.0487637492021724 0.6417401355922654
0.2667252579466267 -0.2665353075373950
5.2838913345594305 -0.8308311927110849
3.5133205740024351 -0.8308311927110847
2.9051866172079928 -0.6506131203484073
0.3180007321424678 -0.6506131203484071
5.8571875044387713 -0.7770857085642396
3.8148875877040940 -0.7770857085642399
2.7756284923535799 -0.4895285231029936
5.9372217434810786 0.4778583783697279
0.6800320470750383 0.7908511387972269
2.6558037995803732 0.7908511387972269
3.4580081055627532 0.6031232773459749
6.2281336970558137 0.6031232773459752
0.1940363878557766 0.9582868790813787
1.0635755243554512 0.9582868790813786
1.9331146608551262 0.9582868790813787
2.8026537973548007 0.9582868790813788
3.2120150389135698 0.5146170345085215
0.0189783678649604 -0.4849137559291990
6.0530625559381361 -0.9889627451046792
5.6069316992608131 -0.9889627451046792
5.1608008425834893 -0.9889627451046794
4.7146699859061654 -0.9889627451046793
4.2685391292288415 -0.9889627451046794
3.8224082725515167 -0.9889627451046793
3.3762774158741893 -0.9889627451046791
3.1226789331540856 -0.4822894025375639
6.2038977607772345 0.5171484569760203
0.3532894034828187 0.9528562912901517
1.2781248464235713 0.9528562912901516
2.2029602893643232 0.9528562912901517
3.1277957323050742 0.9528562912901519
3.1476446773533682 0.7302384944303904
5.4039958565428421 0.7302384944303902
0.4493599173851455 0.3802234482112716
3.8392284930525937 -0.5274165994698612
2.4116391966923394 -0.5539693731405431
5.8849983048078887 0.3578313638855213
0.8954976359454643 0.7617485866521967
3.0098398555404025 0.7617485866521968
3.3141944941975643 0.8549762518315916
4.9500502839505858 0.8549762518315916
0.1311794134602355 0.0925600785183110
4.4663138446884156 -0.7760612022786468
2.8278107660638390 -0.1134300587838916
4.9748269529308677 0.7009531199107192
0.4652416069722813 0.1348600079871027
4.4280738695644555 -0.6309454846705147
2.5478397213037183 -0.1574852981832352
5.0233647560455168 0.5664515943428315
0.7043196243298607 0.1817672521291300
4.3700829955176159 -0.5074598842539039
2.3412778356829835 -0.2081001334790084
5.0908816921862519 0.4537427957296219
0.8841681847545931 0.2368550300233327
4.2924757400927920 -0.4049639303085694
2.1838793009673165 -0.2684006294135962
5.1794858831397210 0.3607365308020587
1.0223809332633906 0.3031135142075657
4.1916693090846886 -0.3206562158423147
2.0622796746068026 -0.3413823876348793
5.2940081103063044 0.2843190252358554
1.1294334575371687 0.3836074648655197
4.0615611355508294 -0.2513304650979807
1.9681012110464147 -0.4301945340899928
5.4420185736204569 0.2213084740250338
1.2120845722857931 0.4815416494819803
3.8927387664878861 -0.1938815060416864
1.8959286842609149 -0.5380142703377992
5.6353965445666852 0.1686813905669429
1.2745140595772424 0.5999007995830219
3.6698165522409920 -0.1453283661520872
1.8429085296437164 -0.6673324316250164
5.8948490570725554 0.1234006057974592
1.3177979992747375 0.7401321576148904
3.3633201219125235 -0.1023654962825754
1.8111255725921900 -0.8175049335118110
6.2660784589981269 0.0813920213630964
1.3318683291339033 0.8972977820815476
2.7034141690715141 0.8972977820815478
3.3075064103512837 0.5464137835200930
0.0022967492131719 -0.4519918575281008
6.0917846042557668 -0.9972255451870788
5.8682623577003445 -0.9972255451870790
5.6447401111449231 -0.9972255451870788
5.4212178645895026 -0.9972255451870790
5.1976956180340803 -0.9972255451870788
4.9741733714786571 -0.9972255451870790
4.7506511249232339 -0.9972255451870790
4.5271288783678081 -0.9972255451870790
4.3036066318123840 -0.9972255451870791
4.0800843852569635 -0.9972255451870791
3.8565621387015412 -0.9972255451870788
3.6330398921461149 -0.9972255451870791
3.4095176455906899 -0.9972255451870788
3.1859953990352601 -0.9972255451870788
3.1384506838942379 -0.5366257978882838
0.1253947681339895 -0.5366257978882838
5.8820181993866649 -0.9234359766215858
4.7004616312594525 -0.9234359766215857
3.5189050631322401 -0.9234359766215856
3.0186457591292495 -0.5513391327576416
0.0581949872168448 -0.5513391327576411
6.0233966005698507 -0.9631446127669723
5.2063912527954601 -0.9631446127669723
4.3893859050210686 -0.9631446127669722
3.5723805572466767 -0.9631446127669721
3.0791885379415991 -0.4503539114403689
6.0572545276235727 0.5448252133647769
0.4991856653703038 0.8597710817820913
2.1070931922028140 0.8597710817820917
3.3435736341907214 0.2331031937787253
0.9681605775306705 -0.6787503296834819
5.7511480471461693 -0.3412211167307640
2.3089089878025302 0.5215348403883544
3.9020972130633576 0.4649978463114268
0.6345274046956622 -0.3890927069066645
5.3629708902203870 -0.6117458763318593
2.7896647438929087 0.2757827028128699
4.1604237127929133 0.7840505033767468
6.1692957845330021 0.7840505033767469
0.1402356779912068 0.8541086558105050
1.7811027395603414 0.8541086558105050
3.2652107681935920 0.0810782314171243
1.3542334058590115 -0.7843121486044967
5.9945660424514973 -0.0974296353430187
1.7993729561517151 0.7173508470458632
3.5694929791250165 0.1140837659969988
1.3261948634357024 -0.6542589451217580
5.7353529052674137 -0.1314688901569849
1.8348209662675101 0.5954419911685677
3.7940130222137438 0.1498930189322536
1.2841293195611303 -0.5409817738103004
5.5387714788860052 -0.1696132041173099
1.8833565796698588 0.4907837949918690
3.9674115841231417 0.1908654794951132
1.2289348983693777 -0.4446564779233054
5.3850198522573667 -0.2138798062602507
1.9456137002407381 0.4023565298714373
4.1042517177892348 0.2388882956620837
1.1590455043698202 -0.3636159083059301
5.2629113316020399 -0.2661299409898247
2.0238541216055976 0.3281581004435997
4.2134048600001552 0.2958531940504668
1.0715840123576197 -0.2957078699680484
5.1652425107383690 -0.3283168720581964
2.1215736687246904 0.2659968291379923
4.3008209081355417 0.3637894030783262
0.9623738569022739 -0.2387662088866647
5.0870430884197191 -0.4025460449930872
2.2437467450879249 0.2137676050375673
4.3706730130292497 0.4448632976219099
0.8254599965619220 -0.1907620639228820
5.0248202386548604 -0.4910091319081252
2.3975834631286803 0.1695174974062534
4.4258354625948009 0.5412266718987367
0.6519618967877669 -0.1498039385785790
4.9763151546345741 -0.5957071642808108
2.5942834230213072 0.1313852973558701
4.4678707089875234 0.6545445018363631
0.4272971787853839 -0.1140043702796754
4.9408992806724719 -0.7176557985169828
2.8536795650940321 0.0973527926926418
4.4958709051120964 0.7846334561408738
0.1227702497506242 -0.0810014395221830
4.9226855839302068 -0.8544391360449092
3.2837257670014859 -0.8544391360449095
3.0267772043629151 -0.7824850935509445
1.0103511639808567 -0.7824850935509446
5.9275723061818111 -0.2812711466773565
2.2338202706644252 0.6077536341676746
3.7813930005818301 0.3981166635823498
0.7413039715113477 -0.4592340054967421
5.4453898296236014 -0.5350280228026001
2.6398327630099505 0.3339723040497713
4.1125749666038400 0.6976158898872400
0.1515749219608127 -0.2238733539727116
5.2568256709154975 -0.8835238128525760
3.7944516247155189 -0.8835238128525759
2.9436211016020160 -0.4294274115063854
5.8806419183040246 0.5482258304379414
0.6067355344824270 0.7455213734627186
2.7951500549469501 0.7455213734627186
3.4681127969844718 0.7204525440850007
5.7671124926286295 0.7204525440850007
0.4170289570145905 0.6193298349468084
3.1257215365351665 0.6193298349468084
3.2116075933349371 0.9797624721054878
3.8161758594475379 0.9797624721054878
4.4207441255601401 0.9797624721054877
5.0253123916727418 0.9797624721054878
5.6298806577853435 0.9797624721054876
6.2344489238979461 0.9797624721054876
0.0116290613938121 0.6325977144496440
2.6692804166657518 0.6325977144496442
3.6618843017888203 0.6800070154325792
6.1309294487966524 0.6800070154325795
0.2644419425373632 0.8766450854146437
1.7702811294037628 0.8766450854146437
3.2012004859340255 0.0715558385237142
1.3682776328430204 -0.8099537176350947
6.0556194087247572 -0.0863299849486666
1.7823834571834467 0.7452267078039001
3.5106745486187876 0.1011633154162204
1.3462815442530023 -0.6836923179482521
5.7921911293576382 -0.1164789207435774
1.8113171906327379 0.6258890536480229
3.7390868969750106 0.1325619209992728
1.3114734337852758 -0.5720021202592546
5.5917742960388601 -0.1496383882704293
1.8516621419278352 0.5220220438698703
3.9163758423772710 0.1679081279354280
1.2655761946497226 -0.4758289102880630
5.4340340027444727 -0.1875606071823454
1.9033349642361976 0.4332405661371160
4.0573141975813485 0.2087836184505548
1.2077589652347678 -0.3940415197757127
5.3077209411540638 -0.2317683745482246
1.9677844666914717 0.3580007379374507
4.1707697923869498 0.2567126117908262
1.1360785886561846 -0.3248827039831267
5.2056597008273116 -0.2838223916334773
2.0474078270957023 0.2944542129045012
4.2626648418022928 0.3133128598170787
1.0476753926726363 -0.2664883689815187
5.1228896622065658 -0.3454079635964323
2.1455718748352464 0.2407666741681461
4.3371973804889556 0.3803389209908996
0.9385962703990466 -0.2170797380408792
5.0558380515758330 -0.4183410113295298
2.2669354049168100 0.1952268932646302
4.3974078981259899 0.4596479497890417
0.8033033006543904 -0.1750147943327156
5.0019394673390387 -0.5044826298642239
2.4181679708139208 0.1562548481132826
4.4454093456682537 0.5530422034290892
0.6336194243227206 -0.1387589779004818
4.9595531907213477 -0.6054739821098835
2.6095341113311181 0.1223325571546271
4.4822837748625846 0.6618357241889675
0.4162525146285394 -0.1067618396807102
4.9283713502090594 -0.7220276052648044
2.8589816634038936 0.0917892532484939
4.5070498230175975 0.7856681099886673
0.1255089961187257 -0.0770576442671609
